version https://git-lfs.github.com/spec/v1
oid sha256:478aacb37028dc6b20ecdf79fd73b5a84746b191c4901fa9bedbbb9079e51d6e
size 15908234
